          	     	Total   	Interval 	Highest	Hi Time  	Lowest 	Lo Time  
Date      	Time 	(counts)	(minutes)	(cpm)  	(seconds)	(cpm)  	(seconds)
----      	---- 	--------	---------	-------	---------	------ 	---------
2023/08/10	10:34	33      	1        	44     	0        	28     	59       	
2023/08/10	10:35	40      	1        	60     	22       	20     	55       	
2023/08/10	10:36	41      	1        	64     	57       	16     	13       	
2023/08/10	10:37	41      	1        	58     	1        	32     	27       	
2023/08/10	10:38	28      	1        	44     	0        	22     	31       	
2023/08/10	10:39	37      	1        	46     	59       	28     	5        	
2023/08/10	10:40	42      	1        	52     	13       	34     	43       	
2023/08/10	10:41	41      	1        	50     	31       	36     	59       	
2023/08/10	10:42	36      	1        	38     	50       	26     	15       	
2023/08/10	10:43	34      	1        	38     	7        	28     	12       	
2023/08/10	10:44	41      	1        	54     	56       	28     	29       	
2023/08/10	10:45	33      	1        	52     	0        	28     	59       	
2023/08/10	10:46	34      	1        	48     	37       	22     	5        	
2023/08/10	10:47	26      	1        	40     	2        	16     	56       	
2023/08/10	10:48	36      	1        	40     	59       	16     	0        	
2023/08/10	10:49	36      	1        	46     	3        	34     	33       	
2023/08/10	10:50	41      	1        	46     	30       	28     	17       	
2023/08/10	10:51	47      	1        	58     	19       	32     	49       	
2023/08/10	10:52	45      	1        	52     	46       	34     	5        	
2023/08/10	10:53	45      	1        	58     	10       	36     	53       	
2023/08/10	10:54	34      	1        	46     	10       	28     	40       	
2023/08/10	10:55	32      	1        	46     	39       	24     	24       	
2023/08/10	10:56	41      	1        	50     	41       	22     	7        	
2023/08/10	10:57	37      	1        	46     	24       	32     	50       	
2023/08/10	10:58	40      	1        	50     	33       	28     	51       	
2023/08/10	10:59	34      	1        	42     	45       	22     	34       	
2023/08/10	11:00	33      	1        	50     	5        	24     	59       	
2023/08/10	11:01	37      	1        	44     	49       	24     	1        	
2023/08/10	11:02	30      	1        	44     	4        	24     	54       	
2023/08/10	11:03	32      	1        	34     	57       	22     	3        	
2023/08/10	11:04	47      	1        	50     	31       	30     	1        	
2023/08/10	11:05	38      	1        	52     	7        	28     	37       	
2023/08/10	11:06	40      	1        	52     	4        	26     	43       	
2023/08/10	11:07	42      	1        	58     	13       	32     	43       	
2023/08/10	11:08	36      	1        	48     	0        	30     	58       	
2023/08/10	11:09	49      	1        	60     	54       	28     	11       	
2023/08/10	11:10	34      	1        	60     	0        	24     	30       	
2023/08/10	11:11	40      	1        	50     	13       	32     	43       	
2023/08/10	11:12	28      	1        	40     	0        	22     	36       	
2023/08/10	11:13	36      	1        	46     	43       	24     	0        	
2023/08/10	11:14	33      	1        	42     	46       	12     	15       	
2023/08/10	11:15	36      	1        	50     	21       	26     	52       	
2023/08/10	11:16	29      	1        	36     	59       	18     	46       	
2023/08/10	11:17	43      	1        	54     	17       	32     	0        	
2023/08/10	11:18	46      	1        	56     	54       	30     	24       	
2023/08/10	11:19	29      	1        	52     	0        	14     	56       	
2023/08/10	11:20	34      	1        	38     	22       	14     	1        	
2023/08/10	11:21	37      	1        	44     	19       	30     	42       	
2023/08/10	11:22	38      	1        	44     	59       	28     	8        	
2023/08/10	11:23	35      	1        	54     	2        	32     	35       	
2023/08/10	11:24	33      	1        	38     	7        	24     	39       	
2023/08/10	11:25	22      	1        	34     	0        	18     	18       	
2023/08/10	11:26	44      	1        	54     	47       	22     	3        	
2023/08/10	11:27	36      	1        	50     	0        	30     	56       	
2023/08/10	11:28	50      	1        	64     	37       	30     	0        	
2023/08/10	11:29	27      	1        	46     	2        	18     	32       	
2023/08/10	11:30	36      	1        	44     	52       	26     	37       	
2023/08/10	11:31	38      	1        	46     	6        	26     	52       	
2023/08/10	11:32	33      	1        	42     	25       	28     	55       	
2023/08/10	11:33	43      	1        	56     	35       	26     	2        	
2023/08/10	11:34	49      	1        	52     	59       	28     	5        	
2023/08/10	11:35	44      	1        	62     	5        	38     	34       	
2023/08/10	11:36	46      	1        	56     	59       	32     	13       	
2023/08/10	11:37	28      	1        	56     	1        	22     	31       	
2023/08/10	11:38	43      	1        	56     	38       	30     	5        	
2023/08/10	11:39	39      	1        	44     	3        	32     	8        	
2023/08/10	11:40	39      	1        	48     	40       	32     	16       	
2023/08/10	11:41	29      	1        	44     	4        	22     	54       	
2023/08/10	11:42	36      	1        	46     	39       	18     	5        	
2023/08/10	11:43	40      	1        	46     	59       	26     	32       	
2023/08/10	11:44	45      	1        	68     	17       	34     	50       	
2023/08/10	11:45	48      	1        	58     	54       	32     	25       	
2023/08/10	11:46	48      	1        	68     	4        	42     	49       	
2023/08/10	11:47	36      	1        	44     	0        	26     	27       	
2023/08/10	11:48	32      	1        	42     	0        	30     	10       	
2023/08/10	11:49	41      	1        	48     	20       	28     	1        	
2023/08/10	11:50	35      	1        	42     	15       	28     	56       	
2023/08/10	11:51	41      	1        	54     	58       	26     	16       	
2023/08/10	11:52	49      	1        	56     	24       	42     	52       	
2023/08/10	11:53	38      	1        	54     	5        	30     	32       	
2023/08/10	11:54	36      	1        	52     	42       	20     	15       	
2023/08/10	11:55	36      	1        	44     	0        	32     	55       	
2023/08/10	11:56	33      	1        	40     	55       	28     	24       	
2023/08/10	11:57	35      	1        	46     	58       	16     	25       	
2023/08/10	11:58	43      	1        	58     	53       	28     	31       	
2023/08/10	11:59	42      	1        	60     	2        	28     	49       	
2023/08/10	12:00	46      	1        	54     	24       	32     	0        	
2023/08/10	12:01	31      	1        	48     	13       	22     	52       	
2023/08/10	12:02	49      	1        	60     	31       	24     	0        	
2023/08/10	12:03	42      	1        	52     	45       	30     	37       	
2023/08/10	12:04	32      	1        	50     	0        	20     	18       	
2023/08/10	12:05	42      	1        	60     	19       	28     	43       	
2023/08/10	12:06	30      	1        	40     	16       	22     	56       	
2023/08/10	12:07	42      	1        	54     	56       	20     	0        	
2023/08/10	12:08	32      	1        	56     	3        	26     	51       	
2023/08/10	12:09	34      	1        	42     	12       	28     	42       	
2023/08/10	12:10	48      	1        	56     	30       	32     	0        	
2023/08/10	12:11	35      	1        	50     	13       	32     	28       	
2023/08/10	12:12	33      	1        	44     	51       	22     	20       	
2023/08/10	12:13	32      	1        	46     	39       	26     	14       	
2023/08/10	12:14	33      	1        	42     	51       	22     	8        	
2023/08/10	12:15	47      	1        	48     	30       	24     	41       	
2023/08/10	12:16	39      	1        	66     	11       	28     	41       	
2023/08/10	12:17	32      	1        	44     	8        	24     	55       	
2023/08/10	12:18	41      	1        	50     	59       	30     	39       	
2023/08/10	12:19	40      	1        	50     	0        	34     	56       	
2023/08/10	12:20	41      	1        	52     	7        	36     	17       	
2023/08/10	12:21	23      	1        	42     	1        	14     	56       	
2023/08/10	12:22	39      	1        	54     	36       	14     	0        	
2023/08/10	12:23	45      	1        	60     	29       	22     	7        	
2023/08/10	12:24	36      	1        	42     	39       	30     	0        	
2023/08/10	12:25	47      	1        	56     	42       	32     	0        	
2023/08/10	12:26	40      	1        	48     	30       	30     	56       	
2023/08/10	12:27	40      	1        	52     	26       	32     	0        	
2023/08/10	12:28	44      	1        	50     	18       	32     	6        	
2023/08/10	12:29	42      	1        	48     	39       	38     	7        	
2023/08/10	12:30	41      	1        	48     	2        	26     	32       	
2023/08/10	12:31	43      	1        	54     	18       	32     	57       	
2023/08/10	12:32	36      	1        	48     	55       	24     	29       	
2023/08/10	12:33	31      	1        	46     	0        	28     	36       	
2023/08/10	12:34	40      	1        	46     	33       	24     	8        	
2023/08/10	12:35	64      	1        	76     	59       	36     	1        	
2023/08/10	12:36	28      	1        	74     	0        	20     	57       	
2023/08/10	12:37	39      	1        	46     	37       	20     	1        	
2023/08/10	12:38	41      	1        	46     	17       	32     	47       	
2023/08/10	12:39	49      	1        	58     	57       	38     	0        	
2023/08/10	12:40	46      	1        	60     	25       	34     	55       	
2023/08/10	12:41	48      	1        	60     	32       	38     	0        	
2023/08/10	12:42	39      	1        	50     	24       	30     	47       	
2023/08/10	12:43	33      	1        	44     	30       	22     	59       	
2023/08/10	12:44	52      	1        	64     	28       	22     	0        	
2023/08/10	12:45	32      	1        	50     	3        	20     	52       	
2023/08/10	12:46	44      	1        	64     	26       	28     	3        	
2023/08/10	12:47	33      	1        	38     	6        	30     	43       	
2023/08/10	12:48	38      	1        	46     	59       	26     	29       	
2023/08/10	12:49	40      	1        	54     	8        	34     	55       	
2023/08/10	12:50	49      	1        	54     	45       	30     	8        	
2023/08/10	12:51	38      	1        	56     	9        	32     	40       	
2023/08/10	12:52	28      	1        	44     	14       	16     	50       	
2023/08/10	12:53	33      	1        	48     	9        	20     	39       	
2023/08/10	12:54	42      	1        	52     	58       	26     	3        	
2023/08/10	12:55	53      	1        	72     	38       	40     	12       	
2023/08/10	12:56	32      	1        	48     	0        	24     	56       	
2023/08/10	12:57	36      	1        	50     	24       	26     	0        	
2023/08/10	12:58	39      	1        	52     	39       	28     	0        	
2023/08/10	12:59	45      	1        	60     	38       	22     	8        	
2023/08/10	13:00	35      	1        	48     	0        	30     	13       	
2023/08/10	13:01	43      	1        	64     	47       	26     	18       	
2023/08/10	13:02	46      	1        	58     	46       	24     	15       	
2023/08/10	13:03	36      	1        	52     	2        	32     	42       	
2023/08/10	13:04	44      	1        	48     	59       	28     	0        	
2023/08/10	13:05	38      	1        	58     	3        	32     	58       	
2023/08/10	13:06	34      	1        	46     	39       	28     	50       	
2023/08/10	13:07	44      	1        	48     	39       	24     	7        	
2023/08/10	13:08	45      	1        	54     	43       	36     	56       	
2023/08/10	13:09	46      	1        	54     	53       	28     	38       	
2023/08/10	13:10	37      	1        	52     	1        	22     	24       	
2023/08/10	13:11	34      	1        	52     	19       	22     	55       	
2023/08/10	13:12	38      	1        	42     	32       	26     	0        	
2023/08/10	13:13	42      	1        	52     	57       	32     	28       	
2023/08/10	13:14	32      	1        	44     	0        	24     	24       	
2023/08/10	13:15	42      	1        	54     	11       	24     	50       	
2023/08/10	13:16	28      	1        	40     	58       	12     	35       	
2023/08/10	13:17	43      	1        	56     	59       	30     	27       	
2023/08/10	13:18	36      	1        	56     	0        	34     	24       	
2023/08/10	13:19	36      	1        	44     	35       	28     	53       	
2023/08/10	13:20	37      	1        	46     	29       	28     	59       	
2023/08/10	13:21	36      	1        	50     	29       	26     	59       	
2023/08/10	13:22	31      	1        	36     	38       	24     	0        	
2023/08/10	13:23	42      	1        	56     	34       	30     	2        	
2023/08/10	13:24	35      	1        	46     	17       	32     	7        	
2023/08/10	13:25	39      	1        	52     	44       	18     	17       	
2023/08/10	13:26	39      	1        	54     	26       	28     	14       	
2023/08/10	13:27	38      	1        	46     	34       	30     	0        	
2023/08/10	13:28	32      	1        	38     	58       	22     	25       	
2023/08/10	13:29	35      	1        	46     	16       	22     	46       	
2023/08/10	13:30	40      	1        	46     	35       	32     	0        	
2023/08/10	13:31	41      	1        	50     	17       	32     	53       	
2023/08/10	13:32	30      	1        	38     	2        	18     	39       	
2023/08/10	13:33	37      	1        	50     	31       	28     	59       	
2023/08/10	13:34	48      	1        	56     	59       	26     	0        	
2023/08/10	13:35	46      	1        	60     	8        	40     	54       	
2023/08/10	13:36	46      	1        	64     	40       	34     	3        	
2023/08/10	13:37	42      	1        	52     	24       	28     	9        	
2023/08/10	13:38	34      	1        	44     	10       	32     	23       	
2023/08/10	13:39	26      	1        	38     	45       	18     	16       	
2023/08/10	13:40	42      	1        	48     	48       	22     	12       	
2023/08/10	13:41	42      	1        	56     	27       	32     	46       	
2023/08/10	13:42	36      	1        	42     	44       	28     	28       	
2023/08/10	13:43	36      	1        	44     	3        	32     	36       	
2023/08/10	13:44	34      	1        	40     	11       	28     	29       	
2023/08/10	13:45	28      	1        	46     	19       	24     	53       	
2023/08/10	13:46	27      	1        	32     	57       	12     	11       	
2023/08/10	13:47	36      	1        	44     	22       	32     	59       	
2023/08/10	13:48	37      	1        	44     	56       	26     	42       	
2023/08/10	13:49	36      	1        	50     	43       	26     	27       	
2023/08/10	13:50	48      	1        	48     	20       	36     	13       	
2023/08/10	13:51	44      	1        	58     	45       	42     	15       	
2023/08/10	13:52	33      	1        	42     	0        	20     	15       	
2023/08/10	13:53	44      	1        	54     	15       	18     	44       	
2023/08/10	13:54	33      	1        	56     	6        	26     	24       	
2023/08/10	13:55	36      	1        	42     	17       	28     	49       	
2023/08/10	13:56	32      	1        	44     	6        	22     	51       	
2023/08/10	13:57	37      	1        	52     	45       	24     	8        	
2023/08/10	13:58	34      	1        	42     	0        	28     	15       	
2023/08/10	13:59	35      	1        	40     	27       	30     	3        	
2023/08/10	14:00	43      	1        	52     	26       	28     	54       	
2023/08/10	14:01	26      	1        	42     	5        	20     	47       	
2023/08/10	14:02	42      	1        	48     	59       	26     	0        	
2023/08/10	14:03	48      	1        	68     	14       	40     	40       	
2023/08/10	14:04	37      	1        	42     	0        	28     	15       	
2023/08/10	14:05	39      	1        	50     	59       	28     	30       	
2023/08/10	14:06	42      	1        	52     	55       	32     	27       	
2023/08/10	14:07	30      	1        	50     	3        	28     	29       	
2023/08/10	14:08	36      	1        	46     	35       	24     	4        	
2023/08/10	14:09	40      	1        	52     	18       	30     	53       	
2023/08/10	14:10	41      	1        	54     	28       	28     	49       	
2023/08/10	14:11	34      	1        	44     	43       	28     	1        	
2023/08/10	14:12	35      	1        	40     	43       	24     	20       	
2023/08/10	14:13	35      	1        	44     	21       	26     	57       	
2023/08/10	14:14	43      	1        	54     	55       	30     	0        	
2023/08/10	14:15	36      	1        	54     	7        	28     	37       	
2023/08/10	14:16	44      	1        	50     	27       	32     	15       	
2023/08/10	14:17	39      	1        	54     	15       	34     	2        	
2023/08/10	14:18	37      	1        	46     	56       	18     	15       	
2023/08/10	14:19	45      	1        	56     	18       	34     	49       	
2023/08/10	14:20	42      	1        	52     	2        	36     	35       	
2023/08/10	14:21	25      	1        	44     	0        	18     	27       	
2023/08/10	14:22	38      	1        	44     	15       	30     	0        	
2023/08/10	14:23	46      	1        	64     	22       	28     	57       	
2023/08/10	14:24	41      	1        	48     	27       	28     	0        	
2023/08/10	14:25	40      	1        	44     	37       	30     	10       	
2023/08/10	14:26	36      	1        	48     	31       	28     	58       	
2023/08/10	14:27	33      	1        	38     	24       	24     	1        	
2023/08/10	14:28	46      	1        	58     	32       	32     	0        	
2023/08/10	14:29	35      	1        	42     	3        	28     	54       	
2023/08/10	14:30	47      	1        	56     	43       	24     	1        	
2023/08/10	14:31	40      	1        	50     	11       	24     	41       	
2023/08/10	14:32	35      	1        	52     	1        	28     	30       	
2023/08/10	14:33	30      	1        	46     	43       	26     	19       	
2023/08/10	14:34	34      	1        	42     	56       	18     	13       	
2023/08/10	14:35	32      	1        	42     	53       	18     	26       	
2023/08/10	14:36	60      	1        	68     	40       	40     	1        	
2023/08/10	14:37	30      	1        	60     	1        	22     	31       	
2023/08/10	14:38	29      	1        	44     	50       	14     	20       	
2023/08/10	14:39	40      	1        	46     	30       	28     	11       	
2023/08/10	14:40	47      	1        	54     	40       	34     	0        	
2023/08/10	14:41	46      	1        	58     	23       	32     	53       	
2023/08/10	14:42	40      	1        	52     	3        	30     	33       	
2023/08/10	14:43	38      	1        	50     	42       	32     	59       	
2023/08/10	14:44	35      	1        	40     	56       	24     	12       	
2023/08/10	14:45	33      	1        	42     	18       	26     	28       	
2023/08/10	14:46	39      	1        	46     	7        	32     	37       	
2023/08/10	14:47	29      	1        	40     	0        	20     	28       	
2023/08/10	14:48	38      	1        	48     	59       	18     	14       	
2023/08/10	14:49	37      	1        	48     	6        	34     	47       	
2023/08/10	14:50	35      	1        	44     	18       	24     	58       	
2023/08/10	14:51	41      	1        	52     	52       	24     	6        	
2023/08/10	14:52	49      	1        	60     	49       	40     	1        	
2023/08/10	14:53	39      	1        	56     	4        	26     	34       	
2023/08/10	14:54	39      	1        	48     	12       	28     	42       	
2023/08/10	14:55	52      	1        	68     	23       	30     	55       	
2023/08/10	14:56	24      	1        	38     	0        	16     	47       	
2023/08/10	14:57	42      	1        	46     	46       	24     	0        	
2023/08/10	14:58	41      	1        	56     	50       	26     	23       	
2023/08/10	14:59	31      	1        	46     	2        	22     	52       	
2023/08/10	15:00	46      	1        	50     	23       	26     	0        	
2023/08/10	15:01	35      	1        	46     	54       	24     	24       	
2023/08/10	15:02	40      	1        	58     	20       	22     	57       	
2023/08/10	15:03	41      	1        	50     	56       	22     	0        	
2023/08/10	15:04	35      	1        	54     	9        	26     	50       	
2023/08/10	15:05	31      	1        	44     	13       	20     	41       	
2023/08/10	15:06	31      	1        	42     	51       	24     	26       	
2023/08/10	15:07	47      	1        	58     	36       	34     	9        	
2023/08/10	15:08	36      	1        	46     	42       	34     	35       	
2023/08/10	15:09	43      	1        	50     	46       	24     	15       	
2023/08/10	15:10	38      	1        	42     	0        	28     	26       	
2023/08/10	15:11	36      	1        	52     	42       	26     	59       	
2023/08/10	15:12	46      	1        	56     	42       	24     	1        	
2023/08/10	15:13	39      	1        	46     	5        	32     	45       	
2023/08/10	15:14	30      	1        	42     	14       	18     	44       	
2023/08/10	15:15	45      	1        	58     	46       	32     	0        	
2023/08/10	15:16	40      	1        	50     	32       	32     	15       	
2023/08/10	15:17	45      	1        	56     	58       	26     	44       	
2023/08/10	15:18	35      	1        	58     	2        	22     	29       	
2023/08/10	15:19	45      	1        	58     	42       	38     	6        	
2023/08/10	15:20	40      	1        	48     	39       	30     	24       	
2023/08/10	15:21	40      	1        	46     	22       	24     	41       	
2023/08/10	15:22	43      	1        	54     	16       	32     	46       	
2023/08/10	15:23	33      	1        	52     	11       	26     	47       	
2023/08/10	15:24	42      	1        	48     	58       	26     	0        	
2023/08/10	15:25	45      	1        	56     	57       	28     	23       	
2023/08/10	15:26	45      	1        	58     	10       	36     	59       	
2023/08/10	15:27	31      	1        	42     	23       	24     	57       	
2023/08/10	15:28	36      	1        	52     	59       	16     	34       	
2023/08/10	15:29	37      	1        	58     	5        	28     	59       	
2023/08/10	15:30	26      	1        	44     	18       	14     	57       	
2023/08/10	15:31	40      	1        	46     	35       	14     	0        	
2023/08/10	15:32	41      	1        	52     	27       	32     	43       	
2023/08/10	15:33	47      	1        	60     	41       	36     	0        	
2023/08/10	15:34	29      	1        	40     	2        	22     	33       	
2023/08/10	15:35	36      	1        	46     	44       	30     	0        	
2023/08/10	15:36	47      	1        	58     	29       	32     	10       	
2023/08/10	15:37	54      	1        	64     	34       	38     	0        	
2023/08/10	15:38	36      	1        	50     	0        	26     	28       	
2023/08/10	15:39	41      	1        	48     	23       	28     	47       	
2023/08/10	15:40	38      	1        	48     	6        	30     	36       	
2023/08/10	15:41	43      	1        	52     	40       	32     	11       	
2023/08/10	15:42	31      	1        	50     	4        	24     	52       	
2023/08/10	15:43	43      	1        	56     	56       	26     	3        	
2023/08/10	15:44	35      	1        	56     	0        	30     	15       	
2023/08/10	15:45	39      	1        	48     	30       	30     	59       	
2023/08/10	15:46	34      	1        	44     	18       	26     	39       	
2023/08/10	15:47	34      	1        	46     	29       	22     	58       	
2023/08/10	15:48	37      	1        	48     	52       	26     	0        	
2023/08/10	15:49	32      	1        	48     	13       	26     	43       	
2023/08/10	15:50	33      	1        	42     	47       	26     	0        	
2023/08/10	15:51	51      	1        	66     	55       	30     	3        	
2023/08/10	15:52	39      	1        	66     	3        	36     	59       	
2023/08/10	15:53	36      	1        	40     	29       	28     	13       	
2023/08/10	15:54	38      	1        	44     	3        	32     	33       	
2023/08/10	15:55	45      	1        	50     	24       	38     	0        	
2023/08/10	15:56	49      	1        	56     	58       	34     	8        	
2023/08/10	15:57	39      	1        	58     	6        	34     	51       	
2023/08/10	15:58	37      	1        	42     	4        	26     	34       	
2023/08/10	15:59	43      	1        	48     	45       	32     	18       	
2023/08/10	16:00	47      	1        	56     	53       	36     	4        	
2023/08/10	16:01	33      	1        	54     	0        	24     	34       	
2023/08/10	16:02	42      	1        	52     	38       	32     	17       	
2023/08/10	16:03	56      	1        	80     	53       	26     	23       	
2023/08/10	16:04	49      	1        	80     	2        	42     	55       	
2023/08/10	16:05	331     	1        	1385   	59       	16     	40       	
2023/08/10	16:06	939     	1        	3004   	8        	0      	10       	
2023/08/10	16:07	49      	1        	60     	38       	26     	6        	
2023/08/10	16:08	36      	1        	46     	27       	30     	11       	
2023/08/10	16:09	42      	1        	58     	41       	28     	10       	
2023/08/10	16:10	44      	1        	54     	26       	32     	9        	
2023/08/10	16:11	41      	1        	48     	15       	26     	50       	
2023/08/10	16:12	32      	1        	42     	6        	26     	46       	
2023/08/10	16:13	38      	1        	46     	15       	32     	10       	
2023/08/10	16:14	997     	1        	2227   	24       	0      	35       	
2023/08/10	16:15	80      	1        	220    	1        	32     	39       	
2023/08/10	16:16	347     	1        	1153   	8        	24     	34       	
2023/08/10	16:17	41      	1        	50     	11       	30     	39       	
2023/08/10	16:18	36      	1        	46     	54       	28     	19       	
2023/08/10	16:19	28      	1        	38     	0        	20     	24       	
2023/08/10	16:20	42      	1        	52     	43       	32     	0        	
2023/08/10	16:21	42      	1        	50     	4        	36     	28       	
2023/08/10	16:22	31      	1        	46     	0        	24     	10       	
2023/08/10	16:23	43      	1        	52     	32       	30     	0        	
2023/08/10	16:24	38      	1        	54     	21       	28     	57       	
2023/08/10	16:25	33      	1        	38     	27       	26     	9        	
2023/08/10	16:26	44      	1        	50     	47       	26     	1        	
2023/08/10	16:27	37      	1        	54     	10       	32     	38       	
2023/08/10	16:28	36      	1        	40     	1        	26     	31       	
2023/08/10	16:29	45      	1        	52     	56       	36     	34       	
2023/08/10	16:30	37      	1        	50     	0        	34     	57       	
2023/08/10	16:31	32      	1        	38     	49       	24     	15       	
2023/08/10	16:32	48      	1        	56     	42       	30     	5        	
2023/08/10	16:33	44      	1        	52     	49       	38     	13       	
2023/08/10	16:34	37      	1        	50     	0        	28     	32       	
2023/08/10	16:35	34      	1        	48     	2        	22     	23       	
2023/08/10	16:36	43      	1        	50     	59       	32     	13       	
2023/08/10	16:37	35      	1        	64     	21       	20     	48       	
2023/08/10	16:38	26      	1        	34     	53       	18     	1        	
2023/08/10	16:39	24      	1        	36     	30       	14     	56       	
2023/08/10	16:40	42      	1        	50     	42       	12     	0        	
2023/08/10	16:41	38      	1        	54     	7        	24     	37       	
2023/08/10	16:42	39      	1        	50     	45       	24     	25       	
2023/08/10	16:43	35      	1        	52     	48       	26     	18       	
2023/08/10	16:44	42      	1        	56     	49       	28     	18       	
2023/08/10	16:45	31      	1        	46     	1        	26     	21       	
2023/08/10	16:46	42      	1        	50     	31       	24     	1        	
2023/08/10	16:47	45      	1        	60     	27       	32     	52       	
2023/08/10	16:48	37      	1        	44     	11       	28     	41       	
2023/08/10	16:49	50      	1        	60     	33       	34     	0        	
2023/08/10	16:50	43      	1        	54     	25       	34     	55       	
2023/08/10	16:51	35      	1        	46     	4        	24     	34       	
2023/08/10	16:52	37      	1        	48     	12       	32     	45       	
2023/08/10	16:53	35      	1        	46     	41       	24     	18       	
2023/08/10	16:54	37      	1        	50     	59       	20     	25       	
2023/08/10	16:55	52      	1        	60     	53       	44     	2        	
2023/08/10	16:56	42      	1        	50     	0        	32     	24       	
2023/08/10	16:57	37      	1        	56     	7        	30     	51       	
2023/08/10	16:58	40      	1        	54     	26       	30     	58       	
2023/08/10	16:59	37      	1        	42     	59       	26     	18       	
2023/08/10	17:00	35      	1        	44     	2        	30     	54       	
2023/08/10	17:01	43      	1        	52     	24       	32     	5        	
2023/08/10	17:02	33      	1        	52     	11       	22     	53       	
2023/08/10	17:03	33      	1        	38     	49       	24     	15       	
2023/08/10	17:04	48      	1        	60     	59       	30     	10       	
2023/08/10	17:05	30      	1        	56     	0        	24     	24       	
2023/08/10	17:06	42      	1        	54     	44       	30     	10       	
2023/08/10	17:07	44      	1        	48     	35       	34     	4        	
2023/08/10	17:08	22      	1        	44     	0        	14     	23       	
2023/08/10	17:09	34      	1        	42     	50       	22     	0        	
2023/08/10	17:10	44      	1        	48     	7        	34     	43       	
2023/08/10	17:11	32      	1        	52     	16       	24     	56       	
2023/08/10	17:12	58      	1        	66     	53       	22     	0        	
2023/08/10	17:13	48      	1        	64     	35       	36     	20       	
2023/08/10	17:14	41      	1        	50     	54       	30     	37       	
2023/08/10	17:15	34      	1        	50     	6        	28     	58       	
2023/08/10	17:16	34      	1        	40     	36       	28     	0        	
2023/08/10	17:17	39      	1        	46     	31       	26     	13       	
2023/08/10	17:18	37      	1        	44     	40       	28     	15       	
2023/08/10	17:19	45      	1        	56     	42       	32     	5        	
2023/08/10	17:20	41      	1        	46     	5        	30     	40       	
2023/08/10	17:21	39      	1        	52     	56       	28     	26       	
2023/08/10	17:22	50      	1        	64     	52       	40     	2        	
2023/08/10	17:23	31      	1        	48     	1        	20     	42       	
2023/08/10	17:24	46      	1        	52     	30       	32     	0        	
2023/08/10	17:25	42      	1        	50     	57       	34     	29       	
2023/08/10	17:26	37      	1        	48     	54       	26     	27       	
2023/08/10	17:27	41      	1        	52     	19       	38     	27       	
2023/08/10	17:28	35      	1        	44     	37       	26     	18       	
2023/08/10	17:29	37      	1        	46     	56       	26     	36       	
2023/08/10	17:30	39      	1        	56     	12       	30     	51       	
2023/08/10	17:31	38      	1        	42     	56       	26     	51       	
2023/08/10	17:32	39      	1        	58     	14       	22     	43       	
2023/08/10	17:33	31      	1        	50     	3        	28     	33       	
2023/08/10	17:34	36      	1        	56     	37       	18     	8        	
2023/08/10	17:35	34      	1        	40     	51       	22     	1        	
2023/08/10	17:36	38      	1        	44     	56       	30     	25       	
2023/08/10	17:37	46      	1        	56     	40       	36     	9        	
2023/08/10	17:38	29      	1        	44     	1        	20     	50       	
2023/08/10	17:39	28      	1        	36     	22       	20     	37       	
2023/08/10	17:40	33      	1        	38     	38       	22     	16       	
2023/08/10	17:41	28      	1        	42     	58       	14     	28       	
2023/08/10	17:42	25      	1        	40     	0        	18     	50       	
2023/08/10	17:43	38      	1        	48     	33       	22     	1        	
2023/08/10	17:44	44      	1        	56     	57       	24     	11       	
2023/08/10	17:45	43      	1        	54     	18       	34     	59       	
2023/08/10	17:46	46      	1        	54     	58       	34     	15       	
2023/08/10	17:47	24      	1        	54     	0        	16     	36       	
2023/08/10	17:48	33      	1        	40     	6        	28     	42       	
2023/08/10	17:49	37      	1        	42     	35       	32     	0        	
2023/08/10	17:50	41      	1        	54     	35       	26     	8        	
2023/08/10	17:51	32      	1        	40     	30       	26     	14       	
2023/08/10	17:52	27      	1        	32     	20       	20     	3        	
2023/08/10	17:53	37      	1        	44     	28       	24     	0        	
2023/08/10	17:54	45      	1        	50     	27       	34     	0        	
2023/08/10	17:55	40      	1        	52     	10       	32     	43       	
2023/08/10	17:56	43      	1        	56     	18       	32     	40       	
2023/08/10	17:57	38      	1        	48     	35       	34     	51       	
2023/08/10	17:58	37      	1        	42     	49       	28     	26       	
2023/08/10	17:59	41      	1        	46     	6        	30     	36       	
2023/08/10	18:00	42      	1        	58     	51       	24     	21       	
2023/08/10	18:01	40      	1        	56     	0        	34     	50       	
2023/08/10	18:02	38      	1        	54     	23       	26     	53       	
2023/08/10	18:03	30      	1        	36     	7        	22     	36       	
2023/08/10	18:04	26      	1        	36     	1        	20     	47       	
2023/08/10	18:05	40      	1        	50     	34       	24     	0        	
2023/08/10	18:06	38      	1        	48     	23       	26     	53       	
2023/08/10	18:07	46      	1        	52     	22       	32     	6        	
2023/08/10	18:08	43      	1        	58     	50       	28     	21       	
2023/08/10	18:09	32      	1        	60     	4        	24     	56       	
2023/08/10	18:10	33      	1        	40     	47       	24     	3        	
2023/08/10	18:11	33      	1        	38     	32       	24     	17       	
2023/08/10	18:12	38      	1        	52     	20       	24     	51       	
2023/08/10	18:13	43      	1        	56     	52       	22     	6        	
2023/08/10	18:14	46      	1        	68     	17       	28     	53       	
2023/08/10	18:15	38      	1        	48     	24       	28     	38       	
2023/08/10	18:16	37      	1        	50     	23       	24     	53       	
2023/08/10	18:17	43      	1        	54     	56       	28     	6        	
2023/08/10	18:18	43      	1        	50     	3        	38     	27       	
2023/08/10	18:19	32      	1        	52     	17       	24     	54       	
2023/08/10	18:20	45      	1        	50     	30       	24     	0        	
2023/08/10	18:21	36      	1        	48     	49       	26     	27       	
2023/08/10	18:22	30      	1        	46     	2        	12     	48       	
2023/08/10	18:23	47      	1        	64     	22       	34     	0        	
2023/08/10	18:24	27      	1        	46     	10       	18     	59       	
2023/08/10	18:25	36      	1        	40     	28       	18     	5        	
2023/08/10	18:26	26      	1        	36     	3        	18     	50       	
2023/08/10	18:27	35      	1        	44     	19       	26     	0        	
2023/08/10	18:28	41      	1        	50     	50       	26     	5        	
2023/08/10	18:29	43      	1        	50     	58       	32     	42       	
2023/08/10	18:30	33      	1        	68     	12       	22     	43       	
2023/08/10	18:31	47      	1        	56     	44       	26     	0        	
2023/08/10	18:32	52      	1        	60     	27       	42     	43       	
2023/08/10	18:33	38      	1        	52     	0        	36     	20       	
2023/08/10	18:34	30      	1        	40     	0        	22     	26       	
2023/08/10	18:35	38      	1        	44     	11       	26     	41       	
2023/08/10	18:36	33      	1        	40     	1        	28     	19       	
2023/08/10	18:37	30      	1        	40     	6        	24     	18       	
2023/08/10	18:38	27      	1        	34     	40       	16     	8        	
2023/08/10	18:39	34      	1        	38     	59       	24     	43       	
2023/08/10	18:40	31      	1        	46     	10       	20     	37       	
2023/08/10	18:41	36      	1        	56     	35       	18     	59       	
2023/08/10	18:42	41      	1        	42     	27       	20     	0        	
2023/08/10	18:43	37      	1        	46     	21       	36     	11       	
2023/08/10	18:44	41      	1        	62     	36       	32     	1        	
2023/08/10	18:45	31      	1        	42     	55       	18     	31       	
2023/08/10	18:46	41      	1        	44     	10       	32     	25       	
2023/08/10	18:47	40      	1        	52     	43       	26     	22       	
2023/08/10	18:48	34      	1        	46     	28       	26     	58       	
2023/08/10	18:49	32      	1        	38     	52       	24     	2        	
2023/08/10	18:50	45      	1        	58     	38       	26     	13       	
2023/08/10	18:51	39      	1        	52     	16       	22     	46       	
2023/08/10	18:52	35      	1        	50     	19       	24     	42       	
2023/08/10	18:53	49      	1        	68     	50       	30     	23       	
2023/08/10	18:54	51      	1        	64     	6        	38     	36       	
2023/08/10	18:55	32      	1        	56     	0        	24     	57       	
2023/08/10	18:56	39      	1        	44     	41       	14     	8        	
2023/08/10	18:57	32      	1        	48     	38       	26     	51       	
2023/08/10	18:58	40      	1        	50     	42       	24     	11       	
2023/08/10	18:59	46      	1        	62     	34       	34     	2        	
2023/08/10	19:00	42      	1        	48     	35       	32     	5        	
2023/08/10	19:01	35      	1        	48     	26       	26     	49       	
2023/08/10	19:02	42      	1        	48     	12       	30     	5        	
2023/08/10	19:03	40      	1        	48     	6        	30     	35       	
2023/08/10	19:04	36      	1        	52     	7        	24     	40       	
2023/08/10	19:05	43      	1        	56     	21       	32     	51       	
2023/08/10	19:06	32      	1        	38     	50       	26     	43       	
2023/08/10	19:07	38      	1        	44     	14       	32     	0        	
2023/08/10	19:08	38      	1        	48     	20       	26     	47       	
2023/08/10	19:09	35      	1        	38     	6        	28     	45       	
2023/08/10	19:10	41      	1        	52     	19       	36     	0        	
2023/08/10	19:11	35      	1        	42     	2        	28     	48       	
2023/08/10	19:12	51      	1        	58     	18       	36     	0        	
2023/08/10	19:13	35      	1        	54     	16       	20     	46       	
2023/08/10	19:14	30      	1        	40     	9        	22     	39       	
2023/08/10	19:15	39      	1        	52     	41       	26     	11       	
2023/08/10	19:16	49      	1        	58     	49       	34     	10       	
2023/08/10	19:17	42      	1        	58     	3        	32     	39       	
2023/08/10	19:18	28      	1        	46     	1        	12     	31       	
2023/08/10	19:19	26      	1        	44     	5        	22     	30       	
2023/08/10	19:20	49      	1        	56     	50       	24     	9        	
2023/08/10	19:21	33      	1        	58     	1        	26     	20       	
2023/08/10	19:22	39      	1        	48     	32       	28     	53       	
2023/08/10	19:23	34      	1        	42     	32       	30     	2        	
2023/08/10	19:24	30      	1        	36     	13       	26     	1        	
2023/08/10	19:25	42      	1        	52     	36       	20     	6        	
2023/08/10	19:26	40      	1        	48     	3        	30     	33       	
2023/08/10	19:27	42      	1        	50     	7        	36     	57       	
2023/08/10	19:28	38      	1        	48     	17       	30     	47       	
2023/08/10	19:29	30      	1        	46     	21       	16     	53       	
2023/08/10	19:30	34      	1        	44     	52       	16     	2        	
2023/08/10	19:31	35      	1        	44     	30       	26     	55       	
2023/08/10	19:32	43      	1        	52     	42       	26     	0        	
2023/08/10	19:33	34      	1        	48     	40       	32     	25       	
2023/08/10	19:34	46      	1        	60     	50       	22     	14       	
2023/08/10	19:35	43      	1        	54     	28       	36     	58       	
2023/08/10	19:36	41      	1        	54     	50       	34     	12       	
2023/08/10	19:37	36      	1        	52     	6        	28     	20       	
2023/08/10	19:38	34      	1        	40     	32       	28     	15       	
2023/08/10	19:39	42      	1        	48     	44       	30     	13       	
2023/08/10	19:40	44      	1        	60     	12       	26     	50       	
2023/08/10	19:41	38      	1        	42     	17       	26     	40       	
2023/08/10	19:42	41      	1        	50     	10       	34     	54       	
2023/08/10	19:43	44      	1        	54     	58       	36     	2        	
2023/08/10	19:44	37      	1        	52     	0        	34     	24       	
2023/08/10	19:45	32      	1        	44     	24       	22     	54       	
2023/08/10	19:46	45      	1        	54     	41       	28     	5        	
2023/08/10	19:47	26      	1        	50     	0        	18     	58       	
2023/08/10	19:48	35      	1        	46     	38       	14     	3        	
2023/08/10	19:49	49      	1        	64     	24       	34     	1        	
2023/08/10	19:50	42      	1        	48     	8        	28     	38       	
2023/08/10	19:51	39      	1        	54     	51       	30     	27       	
2023/08/10	19:52	43      	1        	50     	3        	28     	45       	
2023/08/10	19:53	31      	1        	52     	16       	18     	48       	
2023/08/10	19:54	45      	1        	50     	40       	26     	0        	
2023/08/10	19:55	44      	1        	50     	7        	34     	38       	
2023/08/10	19:56	37      	1        	52     	23       	24     	53       	
2023/08/10	19:57	27      	1        	38     	10       	20     	46       	
2023/08/10	19:58	35      	1        	42     	15       	28     	0        	
2023/08/10	19:59	35      	1        	42     	35       	20     	20       	
2023/08/10	20:00	38      	1        	42     	55       	28     	5        	
2023/08/10	20:01	53      	1        	68     	21       	36     	49       	
2023/08/10	20:02	43      	1        	52     	0        	38     	35       	
2023/08/10	20:03	45      	1        	52     	4        	40     	14       	
2023/08/10	20:04	42      	1        	58     	17       	32     	51       	
2023/08/10	20:05	30      	1        	36     	3        	24     	33       	
2023/08/10	20:06	46      	1        	52     	17       	30     	0        	
2023/08/10	20:07	36      	1        	48     	1        	28     	31       	
2023/08/10	20:08	39      	1        	46     	5        	32     	14       	
2023/08/10	20:09	42      	1        	46     	8        	34     	31       	
2023/08/10	20:10	49      	1        	56     	45       	36     	15       	
2023/08/10	20:11	42      	1        	62     	6        	36     	35       	
2023/08/10	20:12	37      	1        	54     	18       	24     	58       	
2023/08/10	20:13	42      	1        	46     	39       	24     	3        	
2023/08/10	20:14	40      	1        	56     	47       	34     	36       	
2023/08/10	20:15	40      	1        	60     	59       	18     	20       	
2023/08/10	20:16	37      	1        	60     	0        	22     	45       	
2023/08/10	20:17	41      	1        	54     	10       	30     	40       	
2023/08/10	20:18	33      	1        	46     	4        	22     	22       	
2023/08/10	20:19	45      	1        	54     	14       	30     	43       	
2023/08/10	20:20	37      	1        	52     	4        	22     	32       	
2023/08/10	20:21	41      	1        	50     	2        	28     	46       	
2023/08/10	20:22	48      	1        	54     	11       	32     	39       	
2023/08/10	20:23	41      	1        	54     	6        	36     	59       	
2023/08/10	20:24	52      	1        	56     	58       	34     	0        	
2023/08/10	20:25	40      	1        	58     	0        	36     	17       	
2023/08/10	20:26	30      	1        	44     	11       	24     	30       	
2023/08/10	20:27	32      	1        	46     	54       	16     	17       	
2023/08/10	20:28	52      	1        	64     	33       	34     	8        	
2023/08/10	20:29	39      	1        	48     	0        	30     	27       	
2023/08/10	20:30	38      	1        	52     	48       	32     	20       	
2023/08/10	20:31	26      	1        	44     	7        	22     	49       	
2023/08/10	20:32	36      	1        	46     	37       	20     	2        	
2023/08/10	20:33	31      	1        	38     	24       	28     	13       	
2023/08/10	20:34	34      	1        	38     	31       	22     	3        	
2023/08/10	20:35	45      	1        	56     	41       	30     	18       	
2023/08/10	20:36	33      	1        	46     	47       	26     	15       	
2023/08/10	20:37	38      	1        	48     	33       	30     	4        	
2023/08/10	20:38	40      	1        	50     	38       	26     	7        	
2023/08/10	20:39	32      	1        	40     	0        	24     	23       	
2023/08/10	20:40	48      	1        	60     	34       	24     	5        	
2023/08/10	20:41	45      	1        	62     	46       	38     	6        	
2023/08/10	20:42	43      	1        	66     	46       	24     	16       	
2023/08/10	20:43	40      	1        	48     	4        	30     	16       	
2023/08/10	20:44	40      	1        	56     	36       	28     	57       	
2023/08/10	20:45	25      	1        	42     	21       	12     	51       	
2023/08/10	20:46	38      	1        	42     	19       	18     	0        	
2023/08/10	20:47	39      	1        	50     	31       	32     	54       	
2023/08/10	20:48	34      	1        	52     	38       	28     	56       	
2023/08/10	20:49	47      	1        	64     	52       	18     	6        	
2023/08/10	20:50	44      	1        	56     	32       	34     	59       	
2023/08/10	20:51	44      	1        	56     	59       	30     	24       	
2023/08/10	20:52	30      	1        	56     	0        	26     	58       	
2023/08/10	20:53	31      	1        	38     	3        	14     	34       	
2023/08/10	20:54	33      	1        	40     	5        	24     	35       	
2023/08/10	20:55	34      	1        	46     	24       	28     	11       	
2023/08/10	20:56	27      	1        	44     	43       	16     	18       	
2023/08/10	20:57	40      	1        	48     	27       	28     	10       	
2023/08/10	20:58	30      	1        	36     	4        	16     	21       	
2023/08/10	20:59	44      	1        	52     	15       	28     	37       	
2023/08/10	21:00	36      	1        	54     	13       	16     	49       	
2023/08/10	21:01	48      	1        	60     	53       	38     	4        	
2023/08/10	21:02	33      	1        	52     	0        	30     	59       	
2023/08/10	21:03	29      	1        	34     	1        	22     	54       	
2023/08/10	21:04	44      	1        	50     	25       	28     	0        	
2023/08/10	21:05	34      	1        	44     	0        	22     	53       	
2023/08/10	21:06	42      	1        	54     	43       	30     	0        	
2023/08/10	21:07	37      	1        	44     	47       	22     	13       	
2023/08/10	21:08	31      	1        	44     	2        	28     	29       	
2023/08/10	21:09	40      	1        	46     	58       	20     	10       	
2023/08/10	21:10	26      	1        	52     	6        	24     	59       	
2023/08/10	21:11	52      	1        	56     	33       	16     	4        	
2023/08/10	21:12	34      	1        	56     	0        	18     	40       	
2023/08/10	21:13	37      	1        	50     	55       	24     	32       	
2023/08/10	21:14	39      	1        	50     	38       	34     	50       	
2023/08/10	21:15	48      	1        	60     	53       	36     	8        	
2023/08/10	21:16	44      	1        	60     	8        	38     	23       	
2023/08/10	21:17	42      	1        	50     	6        	36     	45       	
2023/08/10	21:18	47      	1        	54     	37       	38     	0        	
2023/08/10	21:19	40      	1        	50     	35       	34     	5        	
2023/08/10	21:20	45      	1        	64     	42       	28     	7        	
2023/08/10	21:21	28      	1        	40     	0        	16     	16       	
2023/08/10	21:22	31      	1        	38     	42       	22     	21       	
2023/08/10	21:23	44      	1        	56     	42       	28     	6        	
2023/08/10	21:24	38      	1        	50     	4        	32     	41       	
2023/08/10	21:25	43      	1        	60     	24       	30     	59       	
2023/08/10	21:26	41      	1        	58     	43       	24     	9        	
2023/08/10	21:27	30      	1        	38     	5        	22     	21       	
2023/08/10	21:28	36      	1        	40     	53       	24     	12       	
2023/08/10	21:29	36      	1        	44     	12       	28     	34       	
2023/08/10	21:30	36      	1        	48     	10       	24     	58       	
2023/08/10	21:31	32      	1        	42     	55       	22     	11       	
2023/08/10	21:32	33      	1        	50     	32       	20     	59       	
2023/08/10	21:33	36      	1        	46     	42       	18     	1        	
2023/08/10	21:34	38      	1        	44     	40       	28     	14       	
2023/08/10	21:35	38      	1        	52     	17       	30     	45       	
2023/08/10	21:36	36      	1        	46     	58       	24     	32       	
2023/08/10	21:37	31      	1        	54     	2        	26     	53       	
2023/08/10	21:38	37      	1        	46     	54       	24     	0        	
2023/08/10	21:39	37      	1        	42     	42       	28     	22       	
2023/08/10	21:40	32      	1        	44     	3        	20     	53       	
2023/08/10	21:41	34      	1        	42     	9        	26     	39       	
2023/08/10	21:42	38      	1        	52     	49       	24     	21       	
2023/08/10	21:43	39      	1        	48     	48       	30     	8        	
2023/08/10	21:44	32      	1        	44     	47       	22     	17       	
2023/08/10	21:45	32      	1        	36     	0        	24     	6        	
2023/08/10	21:46	40      	1        	44     	56       	32     	7        	
2023/08/10	21:47	35      	1        	50     	21       	34     	58       	
2023/08/10	21:48	37      	1        	48     	34       	24     	4        	
2023/08/10	21:49	38      	1        	42     	19       	26     	4        	
2023/08/10	21:50	38      	1        	50     	20       	30     	57       	
2023/08/10	21:51	40      	1        	48     	35       	24     	12       	
2023/08/10	21:52	38      	1        	52     	24       	30     	5        	
2023/08/10	21:53	39      	1        	48     	57       	24     	5        	
2023/08/10	21:54	28      	1        	50     	0        	24     	50       	
2023/08/10	21:55	37      	1        	42     	36       	20     	2        	
2023/08/10	21:56	40      	1        	50     	33       	28     	20       	
2023/08/10	21:57	32      	1        	52     	22       	22     	57       	
2023/08/10	21:58	33      	1        	40     	31       	22     	1        	
2023/08/10	21:59	37      	1        	46     	44       	28     	1        	
2023/08/10	22:00	40      	1        	50     	51       	22     	14       	
2023/08/10	22:01	35      	1        	50     	1        	30     	31       	
2023/08/10	22:02	35      	1        	42     	1        	26     	51       	
2023/08/10	22:03	52      	1        	56     	58       	30     	1        	
2023/08/10	22:04	37      	1        	74     	8        	24     	38       	
2023/08/10	22:05	36      	1        	44     	14       	32     	32       	
2023/08/10	22:06	41      	1        	56     	40       	30     	7        	
2023/08/10	22:07	32      	1        	46     	0        	28     	44       	
2023/08/10	22:08	32      	1        	38     	27       	22     	5        	
2023/08/10	22:09	36      	1        	40     	31       	28     	0        	
2023/08/10	22:10	43      	1        	58     	34       	28     	4        	
2023/08/10	22:11	36      	1        	44     	22       	28     	14       	
2023/08/10	22:12	35      	1        	44     	20       	24     	57       	
2023/08/10	22:13	45      	1        	60     	54       	22     	6        	
2023/08/10	22:14	37      	1        	56     	0        	28     	24       	
2023/08/10	22:15	30      	1        	42     	0        	26     	48       	
2023/08/10	22:16	36      	1        	46     	57       	20     	5        	
2023/08/10	22:17	48      	1        	58     	38       	40     	2        	
2023/08/10	22:18	45      	1        	52     	28       	32     	9        	
2023/08/10	22:19	42      	1        	62     	46       	36     	11       	
2023/08/10	22:20	35      	1        	50     	59       	18     	34       	
2023/08/10	22:21	34      	1        	50     	1        	26     	29       	
2023/08/10	22:22	34      	1        	46     	4        	28     	34       	
2023/08/10	22:23	39      	1        	48     	37       	32     	1        	
2023/08/10	22:24	40      	1        	46     	30       	32     	15       	
2023/08/10	22:25	39      	1        	48     	44       	32     	12       	
2023/08/10	22:26	37      	1        	46     	25       	24     	55       	
2023/08/10	22:27	30      	1        	42     	10       	28     	16       	
2023/08/10	22:28	29      	1        	36     	49       	20     	19       	
2023/08/10	22:29	35      	1        	56     	15       	20     	45       	
2023/08/10	22:30	37      	1        	38     	42       	26     	1        	
2023/08/10	22:31	44      	1        	58     	40       	28     	9        	
2023/08/10	22:32	46      	1        	58     	2        	38     	13       	
2023/08/10	22:33	42      	1        	46     	4        	30     	34       	
2023/08/10	22:34	42      	1        	62     	40       	34     	55       	
2023/08/10	22:35	27      	1        	38     	2        	16     	32       	
2023/08/10	22:36	37      	1        	48     	33       	32     	3        	
2023/08/10	22:37	41      	1        	42     	30       	26     	1        	
2023/08/10	22:38	45      	1        	56     	37       	36     	12       	
2023/08/10	22:39	51      	1        	54     	57       	38     	2        	
2023/08/10	22:40	39      	1        	64     	10       	28     	44       	
2023/08/10	22:41	39      	1        	52     	20       	30     	58       	
2023/08/10	22:42	30      	1        	42     	59       	14     	14       	
2023/08/10	22:43	39      	1        	48     	34       	30     	12       	
2023/08/10	22:44	41      	1        	44     	1        	30     	36       	
2023/08/10	22:45	35      	1        	56     	11       	32     	41       	
2023/08/10	22:46	36      	1        	38     	18       	24     	1        	
2023/08/10	22:47	39      	1        	50     	48       	18     	21       	
2023/08/10	22:48	32      	1        	48     	1        	20     	50       	
2023/08/10	22:49	41      	1        	52     	14       	26     	0        	
2023/08/10	22:50	38      	1        	44     	54       	24     	8        	
2023/08/10	22:51	29      	1        	38     	0        	18     	20       	
2023/08/10	22:52	38      	1        	42     	27       	28     	53       	
2023/08/10	22:53	48      	1        	58     	23       	36     	0        	
2023/08/10	22:54	34      	1        	50     	1        	20     	49       	
2023/08/10	22:55	31      	1        	44     	12       	18     	47       	
2023/08/10	22:56	35      	1        	46     	55       	24     	23       	
2023/08/10	22:57	36      	1        	44     	1        	30     	18       	
2023/08/10	22:58	29      	1        	38     	15       	16     	39       	
2023/08/10	22:59	34      	1        	44     	20       	26     	50       	
2023/08/10	23:00	29      	1        	38     	51       	16     	25       	
2023/08/10	23:01	42      	1        	46     	26       	34     	7        	
2023/08/10	23:02	36      	1        	46     	19       	26     	28       	
2023/08/10	23:03	38      	1        	48     	39       	30     	55       	
2023/08/10	23:04	44      	1        	56     	24       	36     	2        	
2023/08/10	23:05	37      	1        	46     	32       	26     	5        	
2023/08/10	23:06	34      	1        	44     	16       	28     	2        	
2023/08/10	23:07	40      	1        	52     	28       	26     	52       	
2023/08/10	23:08	29      	1        	40     	22       	22     	54       	
2023/08/10	23:09	34      	1        	44     	38       	20     	15       	
2023/08/10	23:10	37      	1        	44     	59       	24     	8        	
2023/08/10	23:11	36      	1        	48     	18       	28     	29       	
2023/08/10	23:12	34      	1        	44     	9        	28     	54       	
2023/08/10	23:13	32      	1        	40     	56       	24     	25       	
2023/08/10	23:14	40      	1        	58     	59       	18     	24       	
2023/08/10	23:15	43      	1        	56     	0        	38     	29       	
2023/08/10	23:16	40      	1        	52     	1        	28     	23       	
2023/08/10	23:17	37      	1        	54     	16       	22     	46       	
2023/08/10	23:18	35      	1        	42     	21       	26     	41       	
2023/08/10	23:19	38      	1        	48     	3        	28     	35       	
2023/08/10	23:20	36      	1        	46     	12       	30     	36       	
2023/08/10	23:21	34      	1        	44     	37       	14     	14       	
2023/08/10	23:22	39      	1        	52     	53       	26     	10       	
2023/08/10	23:23	34      	1        	46     	4        	26     	46       	
2023/08/10	23:24	50      	1        	60     	18       	34     	6        	
2023/08/10	23:25	33      	1        	54     	11       	26     	54       	
2023/08/10	23:26	32      	1        	42     	35       	24     	5        	
2023/08/10	23:27	40      	1        	48     	48       	24     	5        	
2023/08/10	23:28	26      	1        	50     	7        	16     	59       	
2023/08/10	23:29	39      	1        	46     	50       	12     	3        	
2023/08/10	23:30	30      	1        	42     	0        	18     	20       	
2023/08/10	23:31	39      	1        	54     	46       	30     	8        	
2023/08/10	23:32	46      	1        	50     	30       	36     	1        	
2023/08/10	23:33	47      	1        	56     	49       	40     	14       	
2023/08/10	23:34	43      	1        	52     	57       	30     	19       	
2023/08/10	23:35	38      	1        	56     	0        	30     	24       	
2023/08/10	23:36	30      	1        	50     	11       	18     	59       	
2023/08/10	23:37	42      	1        	52     	33       	18     	0        	
2023/08/10	23:38	41      	1        	50     	41       	30     	8        	
2023/08/10	23:39	39      	1        	64     	26       	24     	56       	
2023/08/10	23:40	40      	1        	46     	51       	26     	0        	
2023/08/10	23:41	35      	1        	46     	37       	32     	53       	
2023/08/10	23:42	35      	1        	40     	23       	26     	3        	
2023/08/10	23:43	40      	1        	52     	43       	28     	14       	
2023/08/10	23:44	39      	1        	44     	59       	30     	10       	
2023/08/10	23:45	34      	1        	54     	5        	20     	41       	
2023/08/10	23:46	30      	1        	42     	2        	20     	49       	
2023/08/10	23:47	31      	1        	40     	50       	20     	40       	
2023/08/10	23:48	44      	1        	58     	59       	28     	20       	
2023/08/10	23:49	38      	1        	62     	8        	24     	38       	
2023/08/10	23:50	46      	1        	60     	26       	36     	5        	
2023/08/10	23:51	56      	1        	68     	53       	38     	0        	
2023/08/10	23:52	42      	1        	56     	0        	26     	36       	
2023/08/10	23:53	33      	1        	56     	5        	26     	24       	
2023/08/10	23:54	34      	1        	50     	34       	22     	6        	
2023/08/10	23:55	45      	1        	62     	34       	22     	0        	
2023/08/10	23:56	33      	1        	42     	49       	22     	18       	
2023/08/10	23:57	36      	1        	46     	46       	26     	7        	
2023/08/10	23:58	33      	1        	46     	40       	24     	14       	
2023/08/10	23:59	34      	1        	42     	35       	22     	55       	
2023/08/11	00:00	34      	1        	36     	58       	20     	12       	
2023/08/11	00:01	33      	1        	42     	49       	28     	30       	
2023/08/11	00:02	44      	1        	58     	14       	24     	44       	
2023/08/11	00:03	40      	1        	54     	14       	34     	1        	
2023/08/11	00:04	27      	1        	36     	47       	22     	58       	
2023/08/11	00:05	37      	1        	48     	29       	20     	7        	
2023/08/11	00:06	37      	1        	44     	50       	26     	35       	
2023/08/11	00:07	36      	1        	44     	6        	26     	18       	
2023/08/11	00:08	35      	1        	48     	8        	26     	21       	
2023/08/11	00:09	34      	1        	40     	6        	28     	14       	
2023/08/11	00:10	38      	1        	42     	22       	32     	1        	
2023/08/11	00:11	52      	1        	62     	19       	40     	43       	
2023/08/11	00:12	40      	1        	50     	44       	34     	22       	
2023/08/11	00:13	36      	1        	46     	1        	26     	23       	
2023/08/11	00:14	31      	1        	44     	3        	20     	46       	
2023/08/11	00:15	32      	1        	44     	51       	26     	21       	
2023/08/11	00:16	36      	1        	44     	57       	22     	2        	
2023/08/11	00:17	38      	1        	48     	3        	36     	9        	
2023/08/11	00:19	39      	1        	64     	0        	34     	46       	
2023/08/11	00:20	33      	1        	42     	0        	30     	20       	
2023/08/11	00:21	40      	1        	46     	58       	30     	0        	
2023/08/11	00:22	32      	1        	44     	0        	24     	28       	
2023/08/11	00:23	37      	1        	52     	11       	24     	43       	
2023/08/11	00:24	41      	1        	44     	20       	30     	16       	
2023/08/11	00:25	35      	1        	52     	16       	30     	59       	
2023/08/11	00:26	27      	1        	38     	56       	14     	9        	
2023/08/11	00:27	36      	1        	46     	31       	28     	58       	
2023/08/11	00:28	48      	1        	58     	37       	24     	5        	
2023/08/11	00:29	43      	1        	54     	12       	34     	47       	
2023/08/11	00:30	34      	1        	42     	0        	32     	14       	
2023/08/11	00:31	39      	1        	44     	41       	32     	51       	
2023/08/11	00:32	36      	1        	48     	10       	26     	40       	
2023/08/11	00:33	30      	1        	38     	0        	24     	50       	
2023/08/11	00:34	37      	1        	52     	19       	24     	55       	
2023/08/11	00:35	41      	1        	48     	47       	26     	3        	
2023/08/11	00:36	43      	1        	58     	55       	28     	15       	
2023/08/11	00:37	29      	1        	58     	0        	26     	25       	
2023/08/11	00:38	43      	1        	58     	56       	26     	16       	
2023/08/11	00:39	39      	1        	54     	0        	34     	50       	
2023/08/11	00:40	37      	1        	52     	34       	30     	52       	
2023/08/11	00:41	33      	1        	42     	48       	20     	15       	
2023/08/11	00:42	42      	1        	48     	31       	26     	46       	
2023/08/11	00:43	36      	1        	48     	16       	30     	26       	
2023/08/11	00:44	32      	1        	42     	43       	26     	21       	
2023/08/11	00:45	49      	1        	62     	45       	28     	3        	
2023/08/11	00:46	38      	1        	52     	0        	26     	37       	
2023/08/11	00:47	32      	1        	52     	9        	24     	59       	
2023/08/11	00:48	29      	1        	32     	57       	22     	23       	
2023/08/11	00:49	30      	1        	40     	40       	24     	8        	
2023/08/11	00:50	43      	1        	50     	19       	26     	1        	
2023/08/11	00:51	33      	1        	48     	45       	28     	14       	
2023/08/11	00:52	41      	1        	50     	33       	26     	3        	
2023/08/11	00:53	33      	1        	46     	16       	28     	40       	
2023/08/11	00:54	48      	1        	64     	29       	32     	0        	
2023/08/11	00:55	23      	1        	36     	0        	20     	58       	
2023/08/11	00:56	40      	1        	52     	39       	20     	0        	
2023/08/11	00:57	35      	1        	42     	22       	30     	45       	
2023/08/11	00:58	37      	1        	52     	30       	24     	59       	
2023/08/11	00:59	39      	1        	52     	29       	22     	0        	
2023/08/11	01:00	28      	1        	40     	13       	18     	41       	
2023/08/11	01:01	40      	1        	52     	28       	28     	0        	
2023/08/11	01:02	32      	1        	42     	11       	26     	58       	
2023/08/11	01:03	49      	1        	50     	22       	28     	0        	
2023/08/11	01:04	33      	1        	58     	7        	30     	42       	
2023/08/11	01:05	40      	1        	44     	59       	28     	5        	
2023/08/11	01:06	30      	1        	50     	8        	18     	53       	
2023/08/11	01:07	33      	1        	36     	22       	20     	52       	
2023/08/11	01:08	42      	1        	52     	15       	34     	1        	
2023/08/11	01:09	34      	1        	42     	56       	26     	29       	
2023/08/11	01:10	41      	1        	54     	22       	34     	52       	
2023/08/11	01:11	38      	1        	48     	52       	30     	3        	
2023/08/11	01:12	30      	1        	40     	1        	20     	24       	
2023/08/11	01:13	47      	1        	68     	57       	24     	21       	
2023/08/11	01:14	40      	1        	60     	4        	22     	38       	
2023/08/11	01:15	30      	1        	44     	0        	24     	50       	
2023/08/11	01:16	36      	1        	52     	56       	20     	6        	
2023/08/11	01:17	41      	1        	60     	16       	28     	47       	
2023/08/11	01:18	34      	1        	44     	18       	28     	59       	
2023/08/11	01:19	36      	1        	54     	29       	22     	59       	
2023/08/11	01:20	36      	1        	34     	28       	22     	0        	
2023/08/11	01:21	40      	1        	56     	11       	28     	40       	
2023/08/11	01:22	39      	1        	50     	54       	32     	16       	
2023/08/11	01:23	35      	1        	44     	6        	26     	20       	
2023/08/11	01:24	28      	1        	40     	1        	22     	52       	
2023/08/11	01:25	35      	1        	46     	24       	26     	59       	
2023/08/11	01:26	45      	1        	50     	38       	24     	7        	
2023/08/11	01:27	28      	1        	48     	0        	20     	30       	
2023/08/11	01:28	39      	1        	48     	31       	28     	12       	
2023/08/11	01:29	43      	1        	56     	58       	26     	6        	
2023/08/11	01:30	39      	1        	56     	0        	36     	25       	
2023/08/11	01:31	28      	1        	38     	0        	22     	22       	
2023/08/11	01:32	36      	1        	42     	57       	28     	27       	
2023/08/11	01:33	32      	1        	42     	0        	26     	59       	
2023/08/11	01:34	40      	1        	46     	53       	30     	0        	
2023/08/11	01:35	50      	1        	56     	47       	42     	0        	
2023/08/11	01:36	35      	1        	56     	13       	18     	42       	
2023/08/11	01:37	49      	1        	60     	29       	36     	0        	
2023/08/11	01:38	33      	1        	48     	42       	30     	28       	
2023/08/11	01:39	31      	1        	38     	38       	18     	12       	
2023/08/11	01:40	41      	1        	48     	59       	24     	7        	
2023/08/11	01:41	43      	1        	54     	40       	34     	56       	
2023/08/11	01:42	27      	1        	46     	7        	24     	46       	
2023/08/11	01:43	40      	1        	60     	56       	18     	23       	
2023/08/11	01:44	33      	1        	56     	1        	28     	55       	
2023/08/11	01:45	48      	1        	58     	30       	30     	1        	
2023/08/11	01:46	30      	1        	42     	56       	16     	26       	
2023/08/11	01:47	33      	1        	46     	9        	22     	46       	
2023/08/11	01:48	34      	1        	42     	57       	18     	23       	
2023/08/11	01:49	36      	1        	50     	19       	28     	33       	
2023/08/11	01:50	36      	1        	46     	41       	24     	14       	
2023/08/11	01:51	38      	1        	44     	5        	26     	35       	
2023/08/11	01:52	32      	1        	46     	1        	28     	19       	
2023/08/11	01:53	38      	1        	42     	5        	30     	1        	
2023/08/11	01:54	49      	1        	62     	35       	38     	0        	
2023/08/11	01:55	24      	1        	48     	1        	16     	42       	
2023/08/11	01:56	31      	1        	38     	17       	22     	31       	
2023/08/11	01:57	40      	1        	46     	59       	26     	32       	
2023/08/11	01:58	34      	1        	52     	1        	24     	44       	
2023/08/11	01:59	40      	1        	56     	47       	20     	22       	
2023/08/11	02:00	33      	1        	50     	1        	26     	24       	
2023/08/11	02:01	41      	1        	52     	32       	30     	3        	
2023/08/11	02:02	37      	1        	46     	21       	32     	51       	
2023/08/11	02:03	35      	1        	46     	45       	22     	19       	
2023/08/11	02:04	42      	1        	54     	7        	30     	45       	
2023/08/11	02:05	36      	1        	46     	18       	30     	54       	
2023/08/11	02:06	36      	1        	48     	43       	24     	13       	
2023/08/11	02:07	47      	1        	46     	39       	26     	0        	
2023/08/11	02:08	40      	1        	56     	1        	34     	42       	
2023/08/11	02:09	39      	1        	50     	14       	30     	54       	
2023/08/11	02:10	23      	1        	38     	5        	16     	59       	
2023/08/11	02:11	41      	1        	48     	49       	14     	0        	
2023/08/11	02:12	36      	1        	42     	9        	24     	16       	
2023/08/11	02:13	30      	1        	42     	49       	18     	21       	
2023/08/11	02:14	32      	1        	42     	38       	20     	0        	
2023/08/11	02:15	33      	1        	40     	59       	22     	21       	
2023/08/11	02:16	37      	1        	48     	15       	32     	30       	
2023/08/11	02:17	36      	1        	44     	3        	30     	47       	
2023/08/11	02:18	26      	1        	34     	16       	16     	44       	
2023/08/11	02:19	34      	1        	48     	19       	22     	54       	
2023/08/11	02:20	28      	1        	38     	58       	18     	39       	
2023/08/11	02:21	33      	1        	44     	46       	20     	26       	
2023/08/11	02:22	43      	1        	50     	3        	34     	13       	
2023/08/11	02:23	37      	1        	52     	15       	26     	41       	
2023/08/11	02:24	35      	1        	50     	10       	24     	48       	
2023/08/11	02:25	39      	1        	46     	59       	24     	0        	
2023/08/11	02:26	36      	1        	46     	11       	32     	59       	
2023/08/11	02:27	34      	1        	48     	9        	20     	55       	
2023/08/11	02:28	29      	1        	36     	52       	18     	7        	
2023/08/11	02:29	38      	1        	48     	43       	32     	22       	
2023/08/11	02:30	38      	1        	42     	36       	26     	17       	
2023/08/11	02:31	26      	1        	42     	0        	22     	49       	
2023/08/11	02:32	37      	1        	42     	54       	26     	2        	
2023/08/11	02:33	38      	1        	44     	15       	32     	40       	
2023/08/11	02:34	42      	1        	58     	40       	32     	58       	
2023/08/11	02:35	38      	1        	46     	22       	28     	56       	
2023/08/11	02:36	42      	1        	58     	24       	30     	58       	
2023/08/11	02:37	37      	1        	42     	46       	24     	11       	
2023/08/11	02:38	42      	1        	48     	57       	28     	14       	
2023/08/11	02:39	39      	1        	54     	7        	34     	39       	
2023/08/11	02:40	31      	1        	36     	49       	22     	15       	
2023/08/11	02:41	41      	1        	46     	12       	32     	0        	
2023/08/11	02:42	44      	1        	50     	25       	36     	0        	
2023/08/11	02:43	38      	1        	46     	39       	32     	20       	
2023/08/11	02:44	43      	1        	50     	33       	34     	4        	
2023/08/11	02:45	44      	1        	52     	24       	34     	13       	
2023/08/11	02:46	37      	1        	44     	41       	30     	11       	
2023/08/11	02:47	42      	1        	50     	40       	36     	0        	
2023/08/11	02:48	44      	1        	50     	39       	30     	9        	
2023/08/11	02:49	33      	1        	50     	2        	22     	44       	
2023/08/11	02:50	32      	1        	54     	17       	18     	47       	
2023/08/11	02:51	37      	1        	50     	50       	20     	6        	
2023/08/11	02:52	43      	1        	54     	40       	30     	5        	
2023/08/11	02:53	43      	1        	54     	46       	28     	14       	
2023/08/11	02:54	34      	1        	50     	10       	28     	59       	
2023/08/11	02:55	39      	1        	46     	56       	22     	17       	
2023/08/11	02:56	44      	1        	58     	16       	36     	45       	
2023/08/11	02:57	46      	1        	66     	15       	36     	47       	
2023/08/11	02:58	28      	1        	46     	18       	18     	48       	
2023/08/11	02:59	36      	1        	38     	59       	20     	0        	
2023/08/11	03:00	38      	1        	48     	12       	34     	54       	
2023/08/11	03:01	39      	1        	48     	27       	28     	4        	
2023/08/11	03:02	46      	1        	48     	38       	34     	0        	
2023/08/11	03:03	29      	1        	48     	3        	22     	47       	
2023/08/11	03:04	40      	1        	52     	23       	22     	53       	
2023/08/11	03:05	46      	1        	52     	24       	28     	1        	
2023/08/11	03:06	36      	1        	54     	3        	30     	29       	
2023/08/11	03:07	28      	1        	40     	0        	24     	22       	
2023/08/11	03:08	30      	1        	44     	40       	24     	11       	
2023/08/11	03:09	30      	1        	38     	47       	18     	10       	
2023/08/11	03:10	44      	1        	52     	40       	34     	0        	
2023/08/11	03:11	26      	1        	40     	0        	20     	48       	
2023/08/11	03:12	40      	1        	56     	48       	14     	6        	
2023/08/11	03:13	35      	1        	50     	0        	22     	57       	
2023/08/11	03:14	34      	1        	44     	58       	24     	20       	
2023/08/11	03:15	45      	1        	54     	48       	34     	37       	
2023/08/11	03:16	58      	1        	64     	42       	38     	12       	
2023/08/11	03:17	40      	1        	66     	0        	38     	31       	
2023/08/11	03:18	38      	1        	52     	3        	28     	35       	
2023/08/11	03:19	43      	1        	48     	45       	32     	7        	
2023/08/11	03:20	44      	1        	50     	3        	38     	47       	
2023/08/11	03:21	40      	1        	48     	10       	30     	40       	
2023/08/11	03:22	28      	1        	42     	4        	20     	17       	
2023/08/11	03:23	39      	1        	44     	38       	28     	21       	
2023/08/11	03:24	26      	1        	42     	7        	14     	48       	
2023/08/11	03:25	38      	1        	44     	57       	22     	0        	
2023/08/11	03:26	32      	1        	54     	14       	18     	56       	
2023/08/11	03:27	47      	1        	60     	25       	22     	0        	
2023/08/11	03:28	36      	1        	40     	10       	30     	54       	
2023/08/11	03:29	31      	1        	46     	41       	26     	14       	
2023/08/11	03:30	37      	1        	52     	32       	26     	59       	
2023/08/11	03:31	36      	1        	42     	32       	16     	2        	
2023/08/11	03:32	32      	1        	46     	17       	20     	47       	
2023/08/11	03:33	46      	1        	62     	50       	32     	34       	
2023/08/11	03:34	51      	1        	60     	2        	40     	21       	
2023/08/11	03:35	33      	1        	60     	5        	26     	35       	
2023/08/11	03:36	43      	1        	50     	19       	32     	1        	
2023/08/11	03:37	43      	1        	56     	45       	32     	22       	
2023/08/11	03:38	35      	1        	46     	0        	26     	15       	
2023/08/11	03:39	43      	1        	58     	25       	32     	1        	
2023/08/11	03:40	38      	1        	48     	53       	22     	19       	
2023/08/11	03:41	35      	1        	50     	36       	32     	47       	
2023/08/11	03:42	30      	1        	42     	55       	16     	20       	
2023/08/11	03:43	33      	1        	46     	38       	30     	4        	
2023/08/11	03:44	40      	1        	44     	30       	26     	0        	
2023/08/11	03:45	33      	1        	48     	36       	30     	5        	
2023/08/11	03:46	41      	1        	48     	30       	26     	9        	
2023/08/11	03:47	41      	1        	58     	33       	30     	41       	
2023/08/11	03:48	53      	1        	66     	30       	32     	0        	
2023/08/11	03:49	28      	1        	56     	10       	18     	47       	
2023/08/11	03:50	41      	1        	48     	59       	20     	0        	
2023/08/11	03:51	39      	1        	56     	3        	26     	45       	
2023/08/11	03:52	34      	1        	52     	15       	24     	48       	
2023/08/11	03:53	43      	1        	48     	42       	30     	6        	
2023/08/11	03:54	45      	1        	60     	43       	32     	23       	
2023/08/11	03:55	38      	1        	54     	32       	28     	16       	
2023/08/11	03:56	36      	1        	44     	35       	18     	5        	
2023/08/11	03:57	37      	1        	40     	28       	30     	16       	
2023/08/11	03:58	37      	1        	50     	46       	34     	27       	
2023/08/11	03:59	36      	1        	42     	7        	22     	44       	
2023/08/11	04:00	34      	1        	46     	58       	18     	23       	
2023/08/11	04:01	44      	1        	66     	10       	36     	59       	
2023/08/11	04:02	30      	1        	36     	1        	20     	41       	
2023/08/11	04:03	43      	1        	56     	54       	24     	23       	
2023/08/11	04:04	36      	1        	66     	15       	24     	58       	
2023/08/11	04:05	36      	1        	38     	44       	24     	0        	
2023/08/11	04:06	44      	1        	52     	12       	24     	42       	
2023/08/11	04:07	28      	1        	52     	6        	24     	47       	
2023/08/11	04:08	36      	1        	44     	57       	18     	10       	
2023/08/11	04:09	28      	1        	42     	0        	24     	24       	
2023/08/11	04:10	43      	1        	46     	25       	32     	0        	
2023/08/11	04:11	42      	1        	58     	12       	30     	43       	
2023/08/11	04:12	44      	1        	56     	46       	38     	4        	
2023/08/11	04:13	36      	1        	48     	1        	28     	20       	
2023/08/11	04:14	42      	1        	58     	54       	26     	17       	
2023/08/11	04:15	26      	1        	50     	0        	22     	28       	
2023/08/11	04:16	37      	1        	46     	59       	22     	20       	
2023/08/11	04:17	32      	1        	48     	0        	26     	29       	
2023/08/11	04:18	32      	1        	42     	10       	24     	49       	
2023/08/11	04:19	34      	1        	40     	53       	26     	14       	
2023/08/11	04:20	34      	1        	42     	11       	30     	39       	
2023/08/11	04:21	46      	1        	56     	35       	34     	0        	
2023/08/11	04:22	49      	1        	58     	29       	40     	6        	
2023/08/11	04:23	45      	1        	64     	59       	24     	18       	
2023/08/11	04:24	38      	1        	76     	5        	22     	56       	
2023/08/11	04:25	29      	1        	34     	26       	26     	7        	
2023/08/11	04:26	32      	1        	36     	5        	22     	52       	
2023/08/11	04:27	33      	1        	42     	58       	24     	30       	
2023/08/11	04:28	40      	1        	48     	18       	34     	56       	
2023/08/11	04:29	40      	1        	50     	21       	36     	2        	
2023/08/11	04:30	37      	1        	52     	50       	22     	19       	
2023/08/11	04:31	36      	1        	56     	3        	30     	20       	
2023/08/11	04:32	51      	1        	70     	54       	28     	27       	
2023/08/11	04:33	36      	1        	70     	0        	28     	36       	
2023/08/11	04:34	37      	1        	48     	40       	30     	54       	
2023/08/11	04:35	44      	1        	54     	48       	30     	18       	
2023/08/11	04:36	36      	1        	52     	0        	34     	18       	
2023/08/11	04:37	34      	1        	44     	39       	26     	20       	
2023/08/11	04:38	40      	1        	50     	53       	34     	9        	
2023/08/11	04:39	28      	1        	40     	0        	26     	16       	
2023/08/11	04:40	26      	1        	32     	43       	22     	1        	
2023/08/11	04:41	22      	1        	32     	8        	12     	54       	
2023/08/11	04:42	33      	1        	48     	49       	20     	12       	
2023/08/11	04:43	36      	1        	48     	58       	22     	19       	
2023/08/11	04:44	49      	1        	56     	8        	34     	38       	
2023/08/11	04:45	38      	1        	58     	5        	32     	57       	
2023/08/11	04:46	36      	1        	44     	58       	22     	31       	
2023/08/11	04:47	40      	1        	56     	22       	30     	55       	
2023/08/11	04:48	35      	1        	50     	37       	34     	3        	
2023/08/11	04:49	35      	1        	46     	51       	22     	10       	
2023/08/11	04:50	38      	1        	44     	50       	24     	21       	
2023/08/11	04:51	38      	1        	52     	30       	28     	59       	
2023/08/11	04:52	42      	1        	50     	30       	24     	0        	
2023/08/11	04:53	46      	1        	56     	58       	34     	0        	
2023/08/11	04:54	32      	1        	58     	4        	20     	56       	
2023/08/11	04:55	42      	1        	50     	40       	22     	0        	
2023/08/11	04:56	27      	1        	44     	0        	20     	54       	
2023/08/11	04:57	41      	1        	46     	40       	20     	0        	
2023/08/11	04:58	38      	1        	50     	30       	26     	52       	
2023/08/11	04:59	41      	1        	54     	52       	26     	0        	
2023/08/11	05:00	43      	1        	60     	45       	30     	22       	
2023/08/11	05:01	29      	1        	44     	0        	12     	16       	
2023/08/11	05:02	31      	1        	52     	25       	14     	55       	
2023/08/11	05:03	38      	1        	44     	53       	16     	0        	
2023/08/11	05:04	49      	1        	56     	51       	36     	0        	
2023/08/11	05:05	29      	1        	54     	0        	20     	50       	
2023/08/11	05:06	40      	1        	46     	15       	24     	45       	
2023/08/11	05:07	39      	1        	48     	22       	34     	1        	
2023/08/11	05:08	34      	1        	48     	48       	20     	19       	
2023/08/11	05:09	44      	1        	50     	11       	38     	5        	
2023/08/11	05:10	29      	1        	46     	35       	18     	58       	
2023/08/11	05:11	39      	1        	42     	54       	14     	5        	
2023/08/11	05:12	48      	1        	62     	57       	36     	7        	
2023/08/11	05:13	40      	1        	58     	2        	28     	38       	
2023/08/11	05:14	30      	1        	52     	16       	22     	44       	
2023/08/11	05:15	43      	1        	58     	49       	26     	12       	
2023/08/11	05:16	32      	1        	48     	0        	24     	40       	
2023/08/11	05:17	32      	1        	46     	46       	26     	17       	
2023/08/11	05:18	38      	1        	52     	56       	24     	5        	
2023/08/11	05:19	40      	1        	48     	0        	32     	25       	
2023/08/11	05:20	41      	1        	50     	55       	28     	27       	
2023/08/11	05:21	32      	1        	54     	3        	22     	31       	
2023/08/11	05:22	41      	1        	62     	25       	24     	55       	
2023/08/11	05:23	40      	1        	44     	27       	30     	0        	
2023/08/11	05:24	36      	1        	44     	8        	22     	43       	
2023/08/11	05:25	31      	1        	50     	11       	24     	39       	
2023/08/11	05:26	34      	1        	50     	53       	24     	12       	
2023/08/11	05:27	25      	1        	36     	2        	14     	33       	
2023/08/11	05:28	38      	1        	50     	47       	32     	16       	
2023/08/11	05:29	40      	1        	44     	2        	28     	35       	
2023/08/11	05:30	36      	1        	48     	5        	26     	40       	
2023/08/11	05:31	30      	1        	40     	10       	26     	19       	
2023/08/11	05:32	37      	1        	40     	15       	30     	0        	
2023/08/11	05:33	45      	1        	50     	14       	34     	7        	
2023/08/11	05:34	33      	1        	54     	6        	26     	36       	
2023/08/11	05:35	33      	1        	42     	54       	24     	25       	
2023/08/11	05:36	31      	1        	42     	5        	26     	53       	
2023/08/11	05:37	41      	1        	52     	24       	18     	48       	
2023/08/11	05:38	31      	1        	40     	8        	24     	54       	
2023/08/11	05:39	40      	1        	48     	56       	28     	0        	
2023/08/11	05:40	35      	1        	44     	0        	30     	59       	
2023/08/11	05:41	39      	1        	46     	28       	32     	0        	
2023/08/11	05:42	41      	1        	50     	46       	30     	6        	
2023/08/11	05:43	42      	1        	50     	27       	26     	57       	
2023/08/11	05:44	32      	1        	40     	59       	22     	30       	
2023/08/11	05:45	40      	1        	52     	45       	30     	15       	
2023/08/11	05:46	43      	1        	56     	47       	36     	6        	
2023/08/11	05:47	26      	1        	44     	1        	16     	55       	
2023/08/11	05:48	44      	1        	64     	49       	22     	0        	
2023/08/11	05:49	29      	1        	58     	0        	22     	50       	
2023/08/11	05:50	35      	1        	40     	16       	24     	0        	
2023/08/11	05:51	36      	1        	46     	21       	30     	3        	
2023/08/11	05:52	36      	1        	40     	55       	26     	1        	
2023/08/11	05:53	40      	1        	50     	19       	30     	7        	
2023/08/11	05:54	38      	1        	50     	59       	22     	26       	
2023/08/11	05:55	34      	1        	56     	17       	26     	37       	
2023/08/11	05:56	39      	1        	52     	53       	16     	23       	
2023/08/11	05:57	38      	1        	54     	2        	34     	27       	
2023/08/11	05:58	23      	1        	42     	0        	18     	37       	
2023/08/11	05:59	35      	1        	44     	24       	22     	0        	
2023/08/11	06:00	35      	1        	40     	59       	26     	1        	
2023/08/11	06:01	42      	1        	46     	41       	32     	3        	
2023/08/11	06:02	30      	1        	46     	0        	20     	43       	
2023/08/11	06:03	24      	1        	32     	10       	20     	29       	
2023/08/11	06:04	45      	1        	62     	41       	22     	3        	
2023/08/11	06:05	34      	1        	46     	0        	24     	13       	
2023/08/11	06:06	33      	1        	44     	40       	30     	10       	
2023/08/11	06:07	38      	1        	48     	36       	26     	10       	
2023/08/11	06:08	38      	1        	44     	46       	30     	24       	
2023/08/11	06:09	38      	1        	42     	0        	24     	51       	
2023/08/11	06:10	43      	1        	72     	21       	24     	53       	
2023/08/11	06:11	43      	1        	48     	17       	26     	0        	
2023/08/11	06:12	22      	1        	44     	1        	18     	57       	
2023/08/11	06:13	34      	1        	38     	49       	16     	10       	
2023/08/11	06:14	48      	1        	56     	35       	36     	0        	
2023/08/11	06:15	41      	1        	54     	40       	32     	21       	
2023/08/11	06:16	30      	1        	42     	56       	18     	29       	
2023/08/11	06:17	28      	1        	42     	14       	20     	59       	
2023/08/11	06:18	23      	1        	24     	16       	16     	40       	
2023/08/11	06:19	39      	1        	52     	35       	20     	1        	
2023/08/11	06:20	44      	1        	48     	31       	30     	1        	
2023/08/11	06:21	47      	1        	62     	20       	40     	36       	
2023/08/11	06:22	39      	1        	52     	12       	24     	53       	
2023/08/11	06:23	35      	1        	46     	28       	24     	49       	
2023/08/11	06:24	37      	1        	44     	55       	28     	0        	
2023/08/11	06:25	32      	1        	42     	0        	26     	25       	
2023/08/11	06:26	36      	1        	40     	46       	30     	12       	
2023/08/11	06:27	50      	1        	66     	39       	34     	0        	
2023/08/11	06:28	32      	1        	48     	0        	22     	9        	
2023/08/11	06:29	33      	1        	42     	41       	14     	11       	
2023/08/11	06:30	31      	1        	40     	0        	26     	59       	
2023/08/11	06:31	35      	1        	38     	6        	28     	0        	
2023/08/11	06:32	27      	1        	38     	9        	18     	39       	
2023/08/11	06:33	44      	1        	64     	52       	22     	27       	
2023/08/11	06:34	40      	1        	64     	0        	30     	53       	
2023/08/11	06:35	43      	1        	46     	15       	28     	3        	
2023/08/11	06:36	29      	1        	46     	0        	24     	28       	
2023/08/11	06:37	31      	1        	36     	7        	22     	39       	
2023/08/11	06:38	44      	1        	58     	14       	32     	49       	
2023/08/11	06:39	47      	1        	54     	40       	36     	0        	
2023/08/11	06:40	43      	1        	56     	22       	28     	56       	
2023/08/11	06:41	38      	1        	48     	28       	28     	5        	
2023/08/11	06:42	42      	1        	60     	56       	22     	21       	
2023/08/11	06:43	34      	1        	54     	1        	20     	33       	
2023/08/11	06:44	40      	1        	46     	5        	32     	21       	
2023/08/11	06:45	35      	1        	58     	9        	16     	42       	
2023/08/11	06:46	38      	1        	58     	25       	18     	59       	
2023/08/11	06:47	31      	1        	38     	55       	16     	3        	
2023/08/11	06:48	34      	1        	40     	57       	22     	42       	
2023/08/11	06:49	41      	1        	50     	57       	32     	20       	
2023/08/11	06:50	39      	1        	54     	22       	32     	58       	
2023/08/11	06:51	35      	1        	38     	58       	26     	0        	
2023/08/11	06:52	34      	1        	40     	10       	22     	40       	
2023/08/11	06:53	44      	1        	50     	48       	28     	19       	
2023/08/11	06:54	35      	1        	52     	0        	30     	30       	
2023/08/11	06:55	33      	1        	42     	2        	24     	57       	
2023/08/11	06:56	41      	1        	50     	38       	28     	7        	
2023/08/11	06:57	37      	1        	52     	46       	26     	16       	
2023/08/11	06:58	35      	1        	42     	29       	24     	43       	
2023/08/11	06:59	28      	1        	38     	6        	20     	25       	
2023/08/11	07:00	41      	1        	50     	53       	28     	25       	
2023/08/11	07:01	30      	1        	52     	0        	22     	47       	
2023/08/11	07:02	35      	1        	50     	15       	22     	45       	
2023/08/11	07:03	45      	1        	58     	41       	26     	0        	
2023/08/11	07:04	34      	1        	60     	4        	24     	33       	
2023/08/11	07:05	47      	1        	48     	28       	36     	0        	
2023/08/11	07:06	25      	1        	46     	0        	24     	22       	
2023/08/11	07:07	40      	1        	42     	30       	24     	0        	
2023/08/11	07:08	45      	1        	60     	34       	32     	59       	
2023/08/11	07:09	40      	1        	48     	58       	24     	33       	
2023/08/11	07:10	33      	1        	54     	1        	30     	28       	
2023/08/11	07:11	41      	1        	50     	40       	28     	5        	
2023/08/11	07:12	45      	1        	54     	45       	26     	12       	
2023/08/11	07:13	38      	1        	52     	10       	26     	41       	
2023/08/11	07:14	32      	1        	44     	5        	24     	28       	
2023/08/11	07:15	32      	1        	40     	28       	20     	42       	
2023/08/11	07:16	35      	1        	42     	6        	28     	0        	
2023/08/11	07:17	49      	1        	62     	48       	32     	13       	
2023/08/11	07:18	30      	1        	50     	0        	24     	35       	
